Программа завершила работу, отклонение нормы градиента в пределах допустимого значения
Входные параметры:
max_norm_residual = 9.999999999999999999999999999999999999999999999999999999999999999999999999999955e-101
mantissa = 7000
Godunov_matrix_dim = 100
limit = 100

на выходе:
norm_residual = 3.38940722212575934626035627723974344114667028653161250881043119702060236628911091459422474603091695675513514470742145624031987670994294401762261865440668432913535882491805110656559115799184099633600719746108165648154796494800913847982052437458240428892116172386447375008055268388013937659891199943526229854575456877630721416427426424264482659553360202113500475023640828041525559050836785514079026877602510310747997111380615191777182994404973046180495498424825220610813096529138818290905851944749833416189375782655329470283957322426782020486310446052278672094130445510068464084399861742093488431958647724680423300761784700848598485072311605580191678469149954918431897564977185960727329369650784113776283956812927620166314768869814863853893442905336919481757674741238403746051748447871040916133257176693973174150039697360354254008378998738580375792798929113383189558662140754391627982327098370150849698550794147063948621042453054841924930632783253314345031509993799687666875674345592048560054420040103161568435497871917360096273655154280934620255204885968983258300293283984775632390803452429734534973474167501692430026629311538011273943275721774313611112471516370674328075277758625343212524930660193575764821196114288691837351243803975744442834867240842779862847910398041250428087465804304777759307956741574759485721177899222323498726851124477603529391623482090884137858562024815197554170973779885615672247170740682328146237414516388047949960367404479904242529052128763337813269921611435032797742550746919085390148023630812041307157039764433061052410762309226397127096287997528230900224329161776960465710981851393941089797991345693547049320072023122529061037319732134831497868429271943641023277518818019236688581798696386696423291632409174907036783037778505296801638923588236596115679217362043445287161764241059542542351621148738415470174015253576330667560168251323890477437774337588904003932428361643319571007611623864001058228471102411221141070923926088549358814876612556215185264698584222845055149006836895988347326185083465896604324869288249750877874967009920281364224238899105024886178638634097157450065125e-167