Программа завершила работу, отклонение нормы градиента в пределах допустимого значения
Входные параметры:
max_norm_residual = 9.999999999999999999999999999999999999999999999999999999999999999999999999999955e-101
mantissa = 3000
Godunov_matrix_dim = 75
limit = 100

на выходе:
norm_residual = 2.2103610882407004350496651207895920195125109000007632308167680651955491307007041085246085286434220182463926363005983640409571921472062146624215821433755724141415435253195561573331990463169913874132099531871095563470576203085191062530202968648998536387477505133150572415965395678397089470402696325783502180270355649591876419660763269527018062486626592536020589449624900583326913274033045814226924777283581348200303960391850081990398505514619847823399895928938868019298341634249094646814101845861138248278625989660317131170476210835217424187981244643493536242643296651085747485732764743257583456752361803073464537505979522599429661430713309834531273209621844676541989193283806650366353079397950255255379584184429206697763782946490688043793066460500286729696565796460953401122717909307761332663347447369863817672628183494379923288102677591804447774797241512010664883717451325932903237755205342938214949372018e-125