Программа завершила работу, отклонение нормы градиента в пределах допустимого значения
Входные параметры:
max_norm_residual = 9.999999999999999999999999999999999999999999999999999999999999999999999999999955e-101
mantissa = 5000
Godunov_matrix_dim = 75
limit = 100

на выходе:
norm_residual = 2.210361088240700435049665120789592019512510900000763230816768065195549130700704108524608528643422018246392636300598364040957192147206214662421582143375572414141543525319556157333199046316991387413209953187109556347057620308519106253020296864899853638747750513315057241596539567839708947040269632578350218027035564959187641966076326952701806248662659253602058944962490058332691327403304581422692477728358134820030396039185008199039850551461984782339989592893886801929834163424909464681410184586113824827862598966031713117047621083521742418798124464349353624264329665108574748573276474325758345675236180307346453750597952259942966143071330983453127320962184467654198919328380665036635307939795025525537958418442920669776378294649068804379306646050028672969656579646095340112271790930776133266334744736986381767262818349437992328810267759180446032994216002903099602427237252044288562566687563663791015030581872639806717488678814016726254095229321023904770522697024865929651359299991458363233462385544511460966952333817045213419509510402119796045510478206064943911525678864058321645730026301631871235871531525809020931834084645036540010483682770702091904253716375141884978597243884695762858206123525503375053163037912626582805568623369781128042078891860482481890485968708628042942858374509951195898325560305479264984079499328915404603247974214133223987954559698803092148993329973297641985921260933726804141157426796930115561684312256684906559985037060008957210866944562278000687732146834661154390497355346457471e-125