Программа завершила работу, отклонение нормы градиента в пределах допустимого значения
Входные параметры:
max_norm_residual = 9.999999999999999999999999999999999999999999999999999999999999999999999999999955e-101
mantissa = 3000
Godunov_matrix_dim = 100
limit = 100

на выходе:
norm_residual = 3.3894072221257593462603562772397434411466702865316125088104311970206023662891109145942247460309169567551351447074214562403198767099429440176226186544066843291353588249180511065655911579918409963360071974610816564815479649480091384798205243745824042889211617238644737500805526838801393765989119994352622985457545687763072141642742642426448265955336020211350047502364082804152555905083678551407902687760251031074799711138061519177718299440497304618049549842482522061081309652913881829090585194474983341618937578265532947028395732242678202048631044605227867209413044551006846408439986174209348843195864772468042330076178470084859848507231160558019167846914995491843189756497718596072732936965078411377628395681292762016631476886981486385389344290533691948175767474123840374605174844787104091613325717669397317415003969736036729880831549917148890158492257204585785065626892699134691768288697550764438289398519e-167