Программа завершила работу, отклонение нормы градиента в пределах допустимого значения
Входные параметры:
max_norm_residual = 1.000000000000000000000000000000000000000000000000000000000000000000000000000001e-250
mantissa = 5000
Godunov_matrix_dim = 25
limit = 100

на выходе:
norm_residual = 1.274521839444622276929822700692645106846818320999270848431974830523468021608103284577995432907495341962537886256062768293442235380808190547058261347265331264296079446876208111002313811012738993838093487286565561422843399067536392329140937856450856180978791151788275948986269344107423131286610969034917606175260884898587711226682025888079599891060085614264318308624519167134299331180330625942716273810093339679264751170250671221429683271843670681140304821623315509277971632076867973470575823389149327269590313138298934690849263390925219835642807309125303322319475844080610855991426219796756348907515824152230548701151043303589908486284862655926930108576861123849095407907157626006933867767907347932196393339417090805725057845815941047381865079833218755788161811330782627995040667396060465035346203759466019376783115108015743144507622530460824989203855665211835280618884180283371847911135110131712979134324610582913073355700081229201717680302413731993289405563998933949377469434309240247816880371909759244094680518172117336867417709678627479793403956384790527099838588453215381145914527864452374020119991498655775731758757029321615496597500696173688865668083297345269474320720518232725145511261397388134597168757685971295588564841180146748590184375676828545735689719979105254905865129771426301642176101368872047776233534545652438175492759163362497465351062862271625546394461454985935453014379127882561551110270607866448505533965365081595963949419190769024303112533545644535399837145815262832554835015486476226e-2982