Программа завершила работу, отклонение нормы градиента в пределах допустимого значения
Входные параметры:
max_norm_residual = 9.999999999999999999999999999999999999999999999999999999999999999999999999999961e-151
mantissa = 9000
Godunov_matrix_dim = 75
limit = 100

на выходе:
norm_residual = 2.1313158884156969759687957445086472222255274850095405646855852446371936678042753793316568545697887911834520823220667591250255933359006827758130665667779947753343168353269863819707121205591232169882443338742471542062548139192249968710111531518823777745034590116380986171356186306958436748649148601278549718864088257562816511712592515679126129031695545548306062913708983334717004906728305984803348662578772288212974100350566491112435600634767124605891446456363584082907520159653095148442694981715876265625938174907233738118770374731753210749459772693709145904497081533470330683858378252365534146028147405157202027804695786486287464264784254407229701794712983077861825891136570615474122459506088427838493539182568766225446570906440658268419364253799008408001022765120780586479593576345264036773596029435724082532308237095511366288406926581175935973059389867654913011669746029202445127226447400553693262527521555245337660104745914722315899801946633138163093546803844532695708119291775507654149987638955317773719260844779269882504296617375224543262467124459885821205260699716502753713918616878272701650714236902719017818103142545726969733248532162680089907399742757188075530576508695434155444731683609382811582285115594962045201367385430021687014094079273604650154759532423725339325130860685183549352612391001840373827790662291681995583263737114914665334426204013498430198920072816552821856237147992475892408129872229932329027925394231739322184194704464307471335020356393127866898684809696892992924242413308579965136996890688777995205578622308288176403647288306285916490242604869852917868672625683380337115791477416758914115209119617279828392690074571292004079154949890212034953331541592141167211464217780918351845491909814363133903404245497133270691119852637651427174517085061442576174484736530471532790281292203906264467128812612215421844597877950711155867062191231853868396476212280185069786357291622501871848828822086944108845631797068015291081848196199754825253417082715215615363094766037782563441895789895775119453243893836925450128606183772362887824322567410405309464781629298863639182232389654713236126091319003718999440758970499894398848558657772374167496887470956860251815099831343107251865069545783218891956213033801325301656668722679202622301547560757469287324316960518231140461176758235555458580871784715042310124056194611412196143559103556807405012973787822309101005485341581897796025136659099215072251986026091425208432843963892810564174761470634750307606924062942298361931485115424538064897911789656423173246367544892249467965509589640710693251204265160586017053710927040173022707325311224739908580630760185580432863277941538916127662712264934212061872906492566310572257197332672117760886810022619149e-5344