Программа завершила работу, отклонение нормы градиента в пределах допустимого значения
Входные параметры:
max_norm_residual = 1.000000000000000000000000000000000000000000000000000000000000000000000000000001e-250
mantissa = 3000
Godunov_matrix_dim = 25
limit = 100

на выходе:
norm_residual = 1.1165772572556431554131556447842714948407747707378472026570794992382335599455188863531200855436472199491297895465151434603616387765184928028413987906629962171886862431367700665029649923610536739159688145902242661633790689111112415109005895278258929330248208605055890072727995644769309015367992511427943917152214867680210707690179812224756164883638531835350431202879760098059598062226204030860742697395378941523479158886825295116322542029011348724044389682364264515844802149571075022728226682831532692640257996367320474941054801433199918334804859542814932755064682130724702432725971782295449927801225616946875599256846703354225632575345932313721742669284741179927709423216020065947703641807515589213953178450938701213872115994270619282135543079091654210916432024225843728393422169579660393329325384643506942469197544225284331068265343887765134616821481803616512566839736860602806696358918340982510528783985e-1777