Программа завершила работу, отклонение нормы градиента в пределах допустимого значения
Входные параметры:
max_norm_residual = 9.999999999999999999999999999999999999999999999999999999999999999999999999999967e-301
mantissa = 9000
Godunov_matrix_dim = 25
limit = 100

на выходе:
norm_residual = 1.6569243553069175315274897229853498345516541126050235851131938253171554026657153183787658730878884599580998509682185183990227171268754506492221173343225398598762494903937290292272931310968570063588025356726988920523242130603811286258942353426669220841952037357403041373191818618275279845701039321596679820809201085363645304455768803288207035810785332043964467004547114556509854327419373698740152810815838700356346469566065280498081497779602932051228865570112093232092275723221791818819615535562460067510081189858615018020772463933514011632802993683122444337070241095918868245720310194692458007612507955181627940227233656237960819314567584437753512081864091767794562943000194804139601447937553580186745783337960451658336948933025434434665579870054340063980808420815724924321809900877223119969992545398822083763655884497186994581187146415863010290787290214492400068829431321988394440341803992264966748032168782459388897781841207484613314847396322367353346938452566475031780403825617817454696429070490641332451436674878735088293170453902365512210568922890653732444049850965240604864694534974433756835415634979306897854903378910703384568123046829606069184395624696314308199661754896112699361083595011511474422271876238505510595345548725739822425775698901316423165327304899786349494873155214066975561458766430384773554517175572575466916725407937564860160322950912117275355950959675389654330001409485819766613580136036737568522828251853895207653414291217120394104314327746130173786134473993757723017635709451515923944971108636808780907405939465050961198561750699452411740947308971195159461365384476609154153236967841724014815290477025700399105014812961042385012144512491003927567288611871389581424272406995031992116738765265801114125485016241784042925428025889535210332537511328468110796067253685300402849870103244255409514993375467705923224705891377265729044235019318663751661262736610928421411214225360733418173416800994729908955327168494589278499855150056996432364487594799377918016050619493225332273188020007049768316921503479021191462586438455118961370025048054942314113709383113144444707762892522152346666055327570338189150995838166753701385483380010958499191734516319389814314525765789308000788687299858621996179159854572329073955856733562045806257823758029216158282519387576892325954314406775348663281021809015526253194708856727063766080703811901293494408184114031708450681123869275527901002885602615339587431285194896326384447885201434465798001824375174787307014695924371196182254707832985509425037593706703938074704323578368928082864481283035489728445129941336879498621564817301598619699329078214485035092765273230464425911161355984888127874515208044643732730106217831782630805919433200369486771474566317672e-5388