Программа завершила работу, отклонение нормы градиента в пределах допустимого значения
Входные параметры:
max_norm_residual = 9.999999999999999999999999999999999999999999999999999999999999999999999999999972e-201
mantissa = 7000
Godunov_matrix_dim = 25
limit = 100

на выходе:
norm_residual = 7.93899440651336709682491804301338678376796426737870633792988917969706939776780279224369672125254196110025677655016591561745698210009037038093287565358835367452123218148226056875693792726295297023861312547341844245428309797774132226757535521502578878259150605012546197171781914765217863138650648237040781310292431000317263415629958644881600123294004966729484628614107239252936767490732566476764668067358281663648044318108155409871864676071934883184041915877016912082893716715529277440833563444135641609656687290804942356647006003829542222872746112255274295226673674184408872182499608565527346635457767058887563426370567752445810770893419088819413280084974745158707069787774176426204554440932053261631371197169134117870699836678266667996326486287406788204950587695484385050150563771353020998349136319399409946691545317505665139058021119039413357384103392293748460909776753962566191301625532780079071615729297942823601156877530166728535628509370851511032722849924487838204544379329695841022795861124670376142956717725875098467860579972804386308102396460713251876299020808839503371580014004732958327207018307148357315689125840081048157591665555016663654783391363698668749187828747611187043243060910351307199522098921122600700993364482300793426056380221213763815980237162801128843492560534542914037276549914386689776308537296727427646084271253792587246089802844320472876595148509163502228722775259471120484886931286842986284606783003614676458651784038099615432864415584180840609747633003716382460767280586351003308198271106392166271222398418701140747451197645268806197380133339540777599268653012481682045392493929460219071393914552895001187861375549842587577249492961327968835283321873946678246440935797396056583354625380041288470016411863152403795023354659844713555337271676586063346841274868751185216010347688379004513909687313214488025224109293706992483031539993479700985264040405636062646249880207791050879476639679602618468325440494399073919284607429878065873392135019167687581691534712565685757563617922872842179995657054174769433870400717516257292302885930664876738252330833939744038089660398287661589665379e-4184