Программа завершила работу, отклонение нормы градиента в пределах допустимого значения
Входные параметры:
max_norm_residual = 9.999999999999999999999999999999999999999999999999999999999999999999999999999955e-101
mantissa = 1000
Godunov_matrix_dim = 75
limit = 100

на выходе:
norm_residual = 2.2103610882407004350496651207895920195125109000007632308167680651955491307007041085246085286434220182463926363005983640409571921472062146624215821433755724141415435253195561573331990463169913874132099531871095563470576203085191062530202970060108222028768236372822136186254556478752899334503613677815807e-125