Программа завершила работу, отклонение нормы градиента в пределах допустимого значения
Входные параметры:
max_norm_residual = 9.999999999999999999999999999999999999999999999999999999999999999999999999999999e-126
mantissa = 500
Godunov_matrix_dim = 50
limit = 100

на выходе:
norm_residual = 6.9479762711921989630248666284746636788110998342213167843558668685783335339195021891111326720328810059224702953734975251962638588447930889544529748447806e-248