Программа завершила работу, отклонение нормы градиента в пределах допустимого значения
Входные параметры:
max_norm_residual = 9.999999999999999999999999999999999999999999999999999999999999999999999999999972e-201
mantissa = 3000
Godunov_matrix_dim = 75
limit = 100

на выходе:
norm_residual = 2.8906490966359559277860608896054922885330531912498074845769829821090066627608700420606113253557245199187392719620068197107200225192194210347441864545477845691902271500115843290947339178332378234065488828998200819165273192083691009156347990888566071709562538598146410643047081859138939963344607770323961247648114425710067889931124983729639327179355700585926279640295762207339030515765203979568709241623263801738179060777633606318294850436043646010382633206059803638098957643049985703642548606426983470125468743444225477839058669621248245935757728630982693630807825190198124126827796179645767761976471672628883265038962089955927976621550924129982873852073821301634186949115391480616198929773803959673976720488396070767191561683956103707504372649588500321372463403040274681336573311629494442340283083158013613424931023404951723885045176718090422174024139740022648501537501201006233118424734425553324070304447e-1734