Программа завершила работу, отклонение нормы градиента в пределах допустимого значения
Входные параметры:
max_norm_residual = 9.999999999999999999999999999999999999999999999999999999999999999999999999999961e-151
mantissa = 7000
Godunov_matrix_dim = 50
limit = 100

на выходе:
norm_residual = 1.04998467778557037464077516408070929294135434562557190524102044280321066056261167615760102003751660520831296735913722536016451704972832649733044808140783553103984836189993461884281602474205734310423453946831608469249662705873413775639264236160204474450223699687606037089358696234971177772372865701545610278806652470031202061192942571321791657269549528365238601278801684218278094088972702268198410990629799742146655393608586488225321996940119578570424274659003698936059889012693518516855257964913536939996483390899521740072622377542236111486075851284336819191899067833633893445735943661697493949630050261586187332346885177047800745795638684147091272929726660417301496052451583273178097389853116847659129400475025445404074077238795870241119594841944692898955700854059381822006268649413402281509260361397036220250448635747524225635068651344578630044837635650760405657057219945069501414185721321051638406012997779235145514757161493326740160460862239290217431287315263263126420636980080739072068726670032162117453179188312866289723846061270957567348154893739586710823687222721382023956832566354344496864795220764989884735559153252356351594792000385569441765810472829770684674551905988969884197493268651460528758465590455558252507022515283653575105862808575767586261304680473975751586195443453138449525668472244941799498384553238641083055148679894937013890261556805651947680613661384430168865845282157444640687612627386954553605433974441925033127681803331828438541133895749722934264266368826359419774319704875057902953549018352809065082292896190452016548810034049845644296952903840662893204174821971026851469321780464387995690799380286958581616426644607088099034970207433117726945853983572609685654808742165693910773533957720464645984155467656895998465703607815259591147551562989079670437700614336146101457198231643510962772489867622687817665461202173384129271369360654652877073841686444406576697071020209450456910270173776150402901208412862943665939423529976809024111790339129865642743616165826459820417916486290165855027896762016084229305699920778777763614313778757687736779005993418446865036378763158295593029647e-4162