Программа завершила работу, отклонение нормы градиента в пределах допустимого значения
Входные параметры:
max_norm_residual = 9.999999999999999999999999999999999999999999999999999999999999999999999999999972e-201
mantissa = 5000
Godunov_matrix_dim = 75
limit = 100

на выходе:
norm_residual = 2.589882786324743521614743419384684193325778228509168762590433171941489068640413243319826798233877274385948445963009936271811749527784601264974487933400008559932018647441910054517587885701832481229394780778182376377145998077155261281595717303495837024418728138991711358970088407733113031556099618819289105878499517335940454957217732814294952102825194486933794843867449498964506159327654219933947690925700624206824404488997953810063924615675054440480631533896806787230536954639171902225466122466605315450635860190592244686900551990659120406307613138771126952145795656043009197574327474730603353272874267119750064169428531711831202847116882574197696429296916764462938003245124393301946471129596169484896104608789605658601179170709189116792636213106031942004330637502370621918825847189174840105067542522648628356327573487722070113881827070611513627723442693604339742509983517339436023432252396292073219487005794370959184077684935788859946897419626829639185400639657856119852576264638335499282277860873940123670570380163394090494710014325031548843927282454671717290164802199478583846539247361637778006930520292039721236989457876659493085635676914794085635150714945041417898593092051399160407938665105244464911870679759288694918742003749875278836778085476053756210329556981979309773677709121736537306928423849103080301052920699477278758289333560717763887576849113072615092393538155817354225009770102716678761214209626412065199801430851582120114329583959583294533109265373159245300282330498912970054916368881289277e-2936