Программа завершила работу, отклонение нормы градиента в пределах допустимого значения
Входные параметры:
max_norm_residual = 9.999999999999999999999999999999999999999999999999999999999999999999999999999999e-126
mantissa = 500
Godunov_matrix_dim = 50
limit = 100

на выходе:
norm_residual = 2.1178664255878469918219547519018566668258530747329379101452955941632400636927947716944656322567158156888587649075915101295226873920652628766890499870181e-247