Программа завершила работу, отклонение нормы градиента в пределах допустимого значения
Входные параметры:
max_norm_residual = 9.999999999999999999999999999999999999999999999999999999999999999999999999999972e-201
mantissa = 9000
Godunov_matrix_dim = 50
limit = 100

на выходе:
norm_residual = 1.1096244071480325663321860405228201516927269238971129369052107339236601822315658207974377402723167166639424995085898644849992682886723778579594237139474614580864495927846710808060834342662864197952485326624072507849176336283452750087199322891053938131380624711588682641244563754160639184713202632930936932824443990447337572631886664132518734660348323995817080418826926023212349093939521224910849981023773924152700815484498453759246711554093201020862047569259108283792595267905276055943538875604466246441240872429370886368599446742972367681513408344427639170844068701961652690838147338273580904060055003171720104248709095386723832267707638685333740444167891817098023931316477604365439118715340461708913726522004639047676080019757041110741566759135232850462748165783636060071503597345436360138175840879768560869304255557423823836358783820972235853095693265879630656549440446845659282723345652460189837961464694074461362172453537933838570370067656909649326260049399735331840291379366136778717879396961145162066126607481614797446614099094853390192478080751549463899838728861248919584182799232814721584862848315569937175259504440553489342965202099006126952078689716657329021490960403419603054003989731138536102995437962185663620332579332968673811487761526475855227288756391350064268372775080048189104076183044962883609787987584951683591807296085901479632618761855225326154743298788232321849457906538479969281861664780541168598166368700839761100582381646576557012518894755275562303258962882055106747865475429877026060637869632255095001362618466373587145936685789323515873001107366552489418167175180687904520479222700098720506958258591120063065214526159885451259469668151127963237992206989794848441436070993463792242964069503464657406693693851033594397458506866713316633181234427912246880251310656086605828296803169678613908666318430358599843212182298734622886080398186880868182202169801910188788275039210417065157546991751012426932405174261384080832600434127697152980408888040763311760831385474127527607151409964761239181240354598958775155666137754736000961587786608873213664662126347114850274284916302809636458370602662694771004799843401324410502395148325784629195698472660894344947756372772422730413145952486990061338727159212656272868740080509767880446767476760879059839301447210957324272560865426228335502691302486150205594728638771653822341633987191850933415724302485943532164862905848787994802571218805384666440520530127744560326856962859880274853424471693213987136276682352279692484942238012088238240497377792240862923508065000171779477915609299292513983767211042200507125646416786962621480659079104680362508825411281957899327179534379381639276497281021861196106144674461622755502777050018121678802355937940436e-5366