Программа завершила работу, отклонение нормы градиента в пределах допустимого значения
Входные параметры:
max_norm_residual = 1.000000000000000000000000000000000000000000000000000000000000000000000000000007e-62
mantissa = 250
Godunov_matrix_dim = 25
limit = 100

на выходе:
norm_residual = 3.3781108463976475809734325648092739456231091552361416241240343764357319800119e-120