Программа завершила работу, отклонение нормы градиента в пределах допустимого значения
Входные параметры:
max_norm_residual = 9.999999999999999999999999999999999999999999999999999999999999999999999999999999e-126
mantissa = 500
Godunov_matrix_dim = 50
limit = 100

на выходе:
norm_residual = 6.6067686056003821437411295747587821459946680081159857392442919488823461584016142753113953047664114002289883241486357925996237371318698120367923257341336e-249