Программа завершила работу, отклонение нормы градиента в пределах допустимого значения
Входные параметры:
max_norm_residual = 9.999999999999999999999999999999999999999999999999999999999999999999999999999999e-126
mantissa = 500
Godunov_matrix_dim = 50
limit = 100

на выходе:
norm_residual = 3.3229306325527960332000863288961595334265712649476415264315921945960921897362736873120911937086527216221986803965260162442224478056939097239093250024162e-249