Программа завершила работу, отклонение нормы градиента в пределах допустимого значения
Входные параметры:
max_norm_residual = 9.999999999999999999999999999999999999999999999999999999999999999999999999999961e-151
mantissa = 3000
Godunov_matrix_dim = 50
limit = 100

на выходе:
norm_residual = 7.7253140775958190783273767952140877272259472408877098384434389886011513502586566081988823142893112186295983603938995458556788081585843663001220639783769402664758164756811280743142280803868734262537348657668976491452299260871247017182686726328196468757676940178209501017852350797477767720593556273339951905095024853365510291860723405193610152421022510675371953404033383439003082628336481691685746225457228277619958188028780418032135772141872831338511951780591306094556190948836174227733176075375346064850757650705946846981932578078095682122660992082468025530000242946863812869492620464837843213195081808402279353497591315909170575632455450144583389164237014744943312779333057384405732980851154662609786302786420490406794192966336102713133256923613016268610366334274290370538963653656740154439517227432024657063612246540798865463218896333198072715909431482429770929606094990339507144870674620098412079324322e-1755