Программа завершила работу, отклонение нормы градиента в пределах допустимого значения
Входные параметры:
max_norm_residual = 9.999999999999999999999999999999999999999999999999999999999999999999999999999999e-126
mantissa = 500
Godunov_matrix_dim = 50
limit = 100

на выходе:
norm_residual = 5.011664090293962195044427861075329327649988740727433218488583180662007956721773022210778849281557200609889261600846010843341830958340030469226175845722e-248