Программа завершила работу, отклонение нормы градиента в пределах допустимого значения
Входные параметры:
max_norm_residual = 9.999999999999999999999999999999999999999999999999999999999999999999999999999955e-101
mantissa = 7000
Godunov_matrix_dim = 75
limit = 100

на выходе:
norm_residual = 2.21036108824070043504966512078959201951251090000076323081676806519554913070070410852460852864342201824639263630059836404095719214720621466242158214337557241414154352531955615733319904631699138741320995318710955634705762030851910625302029686489985363874775051331505724159653956783970894704026963257835021802703556495918764196607632695270180624866265925360205894496249005833269132740330458142269247772835813482003039603918500819903985055146198478233998959289388680192983416342490946468141018458611382482786259896603171311704762108352174241879812446434935362426432966510857474857327647432575834567523618030734645375059795225994296614307133098345312732096218446765419891932838066503663530793979502552553795841844292066977637829464906880437930664605002867296965657964609534011227179093077613326633474473698638176726281834943799232881026775918044603299421600290309960242723725204428856256668756366379101503058187263980671748867881401672625409522932102390477052269702486592965135929999145836323346238554451146096695233381704521341950951040211979604551047820606494391152567886405832164573002630163187123587153152580902093183408464503654001048368277070209190425371637514188497859724388469576285820612352550337505316303791262658280556862336978112804207889186048248189048596870862804294285837450995119589832556030547926498407949932891540460324797421413322398795455969880309214899332997329764198592126093372680414115742679693011556168431225668490655998504560380455118682799266029867367722797159221226384181439837400225558670578039426724442621410773924709680222105623834378523310897059670573943530649405815814552367098497901498711013888747308330469295581901377328360019850480724754451238298355910725501113343463780514053029184505292518819386761550538380612651555346704790802573339099045499361909189348492259988819032628645097220968184442868714525585440340583496424681629890697801875609787361066163348985881799103762088016928165692559202716109928293768572201116088720547688690522444838477804972584345111173894544091617433813869961797894875302737146214868917774090463671692095730447467989502166688721551536082850362769885681e-125