Программа завершила работу, отклонение нормы градиента в пределах допустимого значения
Входные параметры:
max_norm_residual = 9.999999999999999999999999999999999999999999999999999999999999999999999999999961e-151
mantissa = 7000
Godunov_matrix_dim = 75
limit = 100

на выходе:
norm_residual = 1.28164810836574134393715579281659987346132335762616882982622686142038021533223164922200164804353430645489592554241162898001966009465253730469299706902971909988084382111276806549286865361354175141637660819040251402740892010088120396121399167942675186002489322626399288585362986154033622464844014571053476639689444009927209687331058731121443548286634732540423509093647089606722573583223898740467326835514712589388110901460933536627771757045614049866223683110582750055267295497620572317428865672885456195180279093117744073186649124094692327741442320825968363687083321221695851034683229947476154428378251962438647866831879881304464949254724267908808856015894738332497303463280454452653025772711129922183865150027530433747358780376067840720998571731099169778922057662033255043666555740419641468119649237662115118061282711564071496148818021872452862265979137391097523284116451341943097475416623944920729423842110279365528303333837087445313742221264100745542762424076567331918939369571213406340772909552151340105465300296102411549734397340211630148831650012090801516284671502967209301851254916248143543024264130513820072400896596709988847389615131526601490301951591062718850410851918286600418711371744454510221869907467956285308535214673999198162804104534270118503532111097754928646245633760020069946339086339691568231463080469919129086121178969094742395269487410620885966553644377214229070416183140021957444239843370513902569124095812125432842665258069042623567416259210303603787805383154958507542941317238357636398176962888032186524360445363855940194222388545690798515144443275510893678646811193171747530285722280713679184706638706272853715160359526647702305183318060652689428348954981217447931824693897926925640736179153855478692953049764955985727845630469102327495665692490703812889734095058199172412541810181416584968422920535897431664434448659024578697711740030621192189912974742209077418894462974973334983878779276692307833368548600951808049494002628111136802453826539886787313357584056367133307993480646500522952838547732103982070062324335990392983020462776043376333877201060512367588782867233143143481821849e-4140