Программа завершила работу, отклонение нормы градиента в пределах допустимого значения
Входные параметры:
max_norm_residual = 1.000000000000000000000000000000000000000000000000000000000000000000000000000007e-62
mantissa = 250
Godunov_matrix_dim = 25
limit = 100

на выходе:
norm_residual = 8.5285348089791142297981607973688786151712673180207182340279165644694572557615e-120