Программа завершила работу, отклонение нормы градиента в пределах допустимого значения
Входные параметры:
max_norm_residual = 1.000000000000000000000000000000000000000000000000000000000000000000000000000007e-62
mantissa = 250
Godunov_matrix_dim = 25
limit = 100

на выходе:
norm_residual = 1.4880022627869643824826177071037602095395869397431228782521729502643763509017e-121