Программа завершила работу, отклонение нормы градиента в пределах допустимого значения
Входные параметры:
max_norm_residual = 9.999999999999999999999999999999999999999999999999999999999999999999999999999967e-301
mantissa = 5000
Godunov_matrix_dim = 50
limit = 100

на выходе:
norm_residual = 1.011893417188008258245329633697145111556983083762245072353250446712778194079571995739995513122675090521359235439362702485066184394059642819997848448486967895602407490222600646464314286203027296903683499370429861596436678094069334774360501156626670680504483034729902525650999368522286996569476425780322573597011327111703604982787266005241623276376920108692388205764715220076156143039504097174630679832184626721341185014801038465394282798581330867373402012902912406100497756813248383455384926932169543265599382982131720348923757058214488010577261460891895433464116361688961088327864832132552227910062942256442966980520302094523825878083719002196280007142242843562744395210910950023989682003170762995310488023555345063827538389834561632681495060538069504918986125931600496953638560808814679659307582384594641330950520017710903253889530309738193513001653765002442790909693326145325211309046808321885589086785590818395219208394371737177966485416863009694090477270941783032945482873624306561708332688119701450147350171787011730351076512941132033129151739562016270575466600396620933094315840215993556703326778729054982937541176703616175851160364520801198285968098411825812067631964142777010634069330379532941697553652517278024509144383636962033938787656863686042555428410281311197128274043210575139821767633259877947220576122986415167883784421840261016863477173245736778186996436573209854035711879570978512137682313809949714158369422417426409246207721378795817599326113728964123236826803723182565535219251455330463e-2957