Программа завершила работу, отклонение нормы градиента в пределах допустимого значения
Входные параметры:
max_norm_residual = 9.999999999999999999999999999999999999999999999999999999999999999999999999999961e-151
mantissa = 1000
Godunov_matrix_dim = 25
limit = 100

на выходе:
norm_residual = 1.67196908091447168231085148634787602361334510082119686673231101919299917100391724808891324455938857049865581439372116986029126136733750701788545684900998308032136074043245609390795205788806303230215797261862878819304817321787066139000013129870903252257650224117519824239894961510455891711896551067890699e-572