Программа завершила работу, отклонение нормы градиента в пределах допустимого значения
Входные параметры:
max_norm_residual = 9.999999999999999999999999999999999999999999999999999999999999999999999999999972e-201
mantissa = 1000
Godunov_matrix_dim = 50
limit = 100

на выходе:
norm_residual = 4.34142324056973455933143170985620989458150487289021176978560662059216695252120129472430868555320449249694006826824134929300138933239867198454594422607550187762605979595431991284064393414826687729696991204342826985110547421085098875810735458826431162447895791036389676781195301912193879054262401242129689e-551