Программа завершила работу, отклонение нормы градиента в пределах допустимого значения
Входные параметры:
max_norm_residual = 1.000000000000000000000000000000000000000000000000000000000000000000000000000007e-62
mantissa = 250
Godunov_matrix_dim = 25
limit = 100

на выходе:
norm_residual = 3.803265527020750541229938448426147780122531899959584251499200750733781833231e-121