Программа завершила работу, отклонение нормы градиента в пределах допустимого значения
Входные параметры:
max_norm_residual = 9.999999999999999999999999999999999999999999999999999999999999999999999999999955e-101
mantissa = 1000
Godunov_matrix_dim = 100
limit = 100

на выходе:
norm_residual = 3.38940722212575934626035627723974344114667028653161250881043119702060236628911091459422474603091695675513514470742145624031987670994294401762261865440668432913535882491805110656559115799184099633600719746108165648154784426664274700729832613448965563019922655271936693840962132312676564395086888300031215e-167