Программа завершила работу, отклонение нормы градиента в пределах допустимого значения
Входные параметры:
max_norm_residual = 9.999999999999999999999999999999999999999999999999999999999999999999999999999961e-151
mantissa = 9000
Godunov_matrix_dim = 100
limit = 100

на выходе:
norm_residual = 3.3894072221257593462603562772397434411466702865316125088104311970206023662891109145942247460309169567551351447074214562403198767099429440176226186544066843291353588249180511065655911579918409963360071974610816564815479649480091384798205243745824042889211617238644737500805526838801393765989119994352622985457545687763072141642742642426448265955336020211350047502364082804152555905083678551407902687760251031074799711138061519177718299440497304618049549842482522061081309652913881829090585194474983341618937578265532947028395732242678202048631044605227867209413044551006846408439986174209348843195864772468042330076178470084859848507231160558019167846914995491843189756497718596072732936965078411377628395681292762016631476886981486385389344290533691948175767474123840374605174844787104091613325717669397317415003969736035425400837899873858037579279892911338318955866214075439162798232709837015084969855079414706394862104245305484192493063278325331434503150999379968766687567434559204856005442004010316156843549787191736009627365515428093462025520488596898325830029328398477563239080345242973453497347416750169243002662931153801127394327572177431361111247151637067432807527775862534321252493066019357576482119611428869183735124380397574444283486724084277986284791039804125042808746580430477775930795674157475948572117789922232349872685112447760352939162348209088413785856202481519755417097377988561567224717074068232814623741451638804794996036740447990424252905212876333781326992161143503279774255074691908539014802363081204130715703976443306105241076230922639712709628799752823090022432916177696046571098185139394108979799134569354704932007202312252906103731973213483149786842927194364102327751881801923668858179869638669642329163240917490703678303777850529680163892358823659611567921736204344528716176424105954254235162114873841547017401525357633066756016825132389047743777433758890400393242836164331957100761162386400105822847110241122114107092392608854935881487661255621518526469858422284505514900683689598834732618508345653182199310484790752038559914856347125196619658856391122352508441469744249482277633199931849809743582211353784163356825661472641496639295481284062783040821399028616268973208521874292566051406704682097993470847755671780904768154725119069823389557953460444157727756011200285053088628823435372299482492946652080517696881500076573485108728649263815004876588904577450000017806659962835465177857300105310652999022166997844096796897060852483971812179962631995630876790763497301317209046823346864827283533839010801882637068105305420363739880223101477996472278727203180675593335300931415429658593669390408991841898563368737830752866117424861981953072990203745061972793959015224166825424027357781e-167