Программа завершила работу, отклонение нормы градиента в пределах допустимого значения
Входные параметры:
max_norm_residual = 9.999999999999999999999999999999999999999999999999999999999999999999999999999961e-151
mantissa = 5000
Godunov_matrix_dim = 100
limit = 100

на выходе:
norm_residual = 3.389407222125759346260356277239743441146670286531612508810431197020602366289110914594224746030916956755135144707421456240319876709942944017622618654406684329135358824918051106565591157991840996336007197461081656481547964948009138479820524374582404288921161723864473750080552683880139376598911999435262298545754568776307214164274264242644826595533602021135004750236408280415255590508367855140790268776025103107479971113806151917771829944049730461804954984248252206108130965291388182909058519447498334161893757826553294702839573224267820204863104460522786720941304455100684640843998617420934884319586477246804233007617847008485984850723116055801916784691499549184318975649771859607273293696507841137762839568129276201663147688698148638538934429053369194817576747412384037460517484478710409161332571766939731741500396973603542540083789987385803757927989291133831895586621407543916279823270983701508496985507941470639486210424530548419249306327832533143450315099937996876668756743455920485600544200401031615684354978719173600962736551542809346202552048859689832583002932839847756323908034524297345349734741675016924300266293115380112739432757217743136111124715163706743280752777586253432125249306601935757648211961142886918373512438039757444428348672408427798628479103980412504280874658043047777593079567415747594857211778992223234987268511244776035293916234820908841378585620248151975541709737798856156722471707406823281462363847170903772484975578440766210737626775483019646762933205123692172073947521693420667e-167