Программа завершила работу, отклонение нормы градиента в пределах допустимого значения
Входные параметры:
max_norm_residual = 1.000000000000000000000000000000000000000000000000000000000000000000000000000001e-250
mantissa = 1000
Godunov_matrix_dim = 75
limit = 100

на выходе:
norm_residual = 8.13343245450936976142665457091650306468673086985078700495297861545464672993926961030115730023372629126720480713502237653139227719222220421921357485693104772901489895114995287621696631033095407448528706615064915046901269685713994234524645031719459406992822330578222738210674843281765731761457623088856136e-529