Программа завершила работу, отклонение нормы градиента в пределах допустимого значения
Входные параметры:
max_norm_residual = 9.999999999999999999999999999999999999999999999999999999999999999999999999999955e-101
mantissa = 100
Godunov_matrix_dim = 25
limit = 100

на выходе:
norm_residual = 1.1728892815657287889641976314028e-102