Программа завершила работу, отклонение нормы градиента в пределах допустимого значения
Входные параметры:
max_norm_residual = 9.999999999999999999999999999999999999999999999999999999999999999999999999999955e-101
mantissa = 9000
Godunov_matrix_dim = 75
limit = 100

на выходе:
norm_residual = 2.2103610882407004350496651207895920195125109000007632308167680651955491307007041085246085286434220182463926363005983640409571921472062146624215821433755724141415435253195561573331990463169913874132099531871095563470576203085191062530202968648998536387477505133150572415965395678397089470402696325783502180270355649591876419660763269527018062486626592536020589449624900583326913274033045814226924777283581348200303960391850081990398505514619847823399895928938868019298341634249094646814101845861138248278625989660317131170476210835217424187981244643493536242643296651085747485732764743257583456752361803073464537505979522599429661430713309834531273209621844676541989193283806650366353079397950255255379584184429206697763782946490688043793066460500286729696565796460953401122717909307761332663347447369863817672628183494379923288102677591804460329942160029030996024272372520442885625666875636637910150305818726398067174886788140167262540952293210239047705226970248659296513592999914583632334623855445114609669523338170452134195095104021197960455104782060649439115256788640583216457300263016318712358715315258090209318340846450365400104836827707020919042537163751418849785972438846957628582061235255033750531630379126265828055686233697811280420788918604824818904859687086280429428583745099511958983255603054792649840794993289154046032479742141332239879545596988030921489933299732976419859212609337268041411574267969301155616843122566849065599850456038045511868279926602986736772279715922122638418143983740022555867057803942672444262141077392470968022210562383437852331089705967057394353064940581581455236709849790149871101388874730833046929558190137732836001985048072475445123829835591072550111334346378051405302918450529251881938676155053838061265155534670479080257333909904549936190918934849225998881903262864509722096818444286871452558544034058349642468162989069780187560978736106616334898588179910376208801692816569255920271610992829376857220111608872054768869052244483847780497258434511117389454409161743381386996179789487530273714621486891777917892862286803555755908196254654152805401289932777406929920773732256890061699452953953401329936827087538648595710649583744245125745411106101128074566820700551948255052617976233483935051268579270647658229932112008185888251947588838959484940429629707508796311470544664014261483482722104212168007767207553976019485125780504577587433750117635933472871268532329344434286436023619242992878989448676825053862791200341629680348651879207235994976249815533783268776882614949286748128545855573098823084524655124526717763571572551411370685244272801920532314628103155449584847405841835609623660698627611827752715686118838172461907002802284312114204202579700265312942918949945842e-125