Программа завершила работу, отклонение нормы градиента в пределах допустимого значения
Входные параметры:
max_norm_residual = 1.000000000000000000000000000000000000000000000000000000000000000000000000000007e-62
mantissa = 250
Godunov_matrix_dim = 25
limit = 100

на выходе:
norm_residual = 4.6222498547875279341597802919150219849391491162800547696526052760366366525572e-121